

"y"
|  46                              | 10 
|  37 47                           | 9  
|  29 38 48                        | 8   
|  22 30 39 49                     | 7  
|  16 23 31 40 50                  | 6  
|  11 17 24 32 41 51               | 5  
|   7 12 18 25 33 42 52            | 4  
|   4  8 13 19 26 34 43 53         | 3  
|   2  5  9 14 20 27 35 44 54      | 2  
|   1  3  6 10 15 21 28 36 45 55   | 1  
-   -  -  -  -  -  -  -  -  -  -  "x"
    1  2  3  4  5  6  7  8  9  10
   
    









"y"
|  46 57                           | 1
|  37 47 58                        | 2
|  29 38 48 59                     | 3
|  22 30 39 49 59                  | 4
|  16 23 31 40 50 61               | 5
|  11 17 24 32 41 51 62            | 6
|   7 12 18 25 33 42 52 63         | 7
|   4  8 13 19 26 34 43 53 64      | 8
|   2  5  9 14 20 27 35 44 54 65   | 9
|   1  3  6 10 15 21 28 36 45 55   | 10
-   -  -  -  -  -  -  -  -  -  -  "x"
    10 9  8  7  6  5  4  3  2  1
    -  -  -  -  -  -  -  -  -  -
    1  2  3  4  5  6  7  8  9  10